  0.40000000596046448       -7.9904000000000002        8.9923999999999999     
  0.80000001192092896       -7.8936000000000002        8.7751999999999999     
   1.2000000476837158       -7.4584000000000001        7.8364000000000003     
   1.6000000238418579       -6.7868000000000004        6.6660000000000004     
   2.0000000000000000       -6.0156000000000001        5.5739999999999998     
   2.4000000953674316       -5.4112000000000000        5.1416000000000004     
   2.7999999523162842       -4.8784000000000001        4.5368000000000004     
   3.2000000476837158       -4.5700000000000003        4.4051999999999998     
   3.6000001430511475       -4.0364000000000004        4.0331999999999999     
   4.0000000000000000       -3.7103999999999999        3.8296000000000001     
   4.4000000953674316       -3.4935999999999998        3.8012000000000001     
   4.8000001907348633       -3.1659999999999999        3.5608000000000000     
   5.2000002861022949       -3.0036000000000000        3.4196000000000000     
   5.5999999046325684       -2.7544000000000000        3.3972000000000002     
   6.0000000000000000       -2.6943999999999999        3.3348000000000000     
   6.4000000953674316       -2.6000000000000001        3.4163999999999999     
   6.8000001907348633       -2.3479999999999999        3.1219999999999999     
   7.2000002861022949       -2.2147999999999999        3.1711999999999998     
   7.5999999046325684       -2.1459999999999999        3.2084000000000001     
   8.0000000000000000       -1.9312000000000000        3.0348000000000002     
   8.4000005722045898       -1.8184000000000000        3.0448000000000000     
   8.8000001907348633       -1.8368000000000000        3.0392000000000001     
   9.1999998092651367       -1.7660000000000000        2.9672000000000001     
   9.6000003814697266       -1.5740000000000001        2.9083999999999999     
   10.000000000000000       -1.4219999999999999        2.8508000000000000     
   10.400000572204590       -1.5076000000000001        2.9300000000000002     
   10.800000190734863       -1.4863999999999999        2.9676000000000000     
   11.199999809265137       -1.5000000000000000        2.9180000000000001     
   11.600000381469727       -1.2780000000000000        2.7711999999999999     
   12.000000000000000       -1.3759999999999999        2.8420000000000001     
